652
906
509
931
766
137
466
696
726
334
178
661
803
368
428
504
250
375
753
493
517
456
798
202
933
292
677
992
324
787
687
894
649
367
294
823
386
431
234
337
175
269
863
923
653
810
377
459
75
289
412
454
142
571
636
463
391
383
774
748
566
67
476
511
116
559
846
328
297
151
773
941
690
614
892
688
216
625
997
260
822
790
45
841
727
778
26
961
206
441
527
848
969
149
746
256
542
293
506
501
265
215
776
796
567
587
981
348
298
427
111
385
569
473
714
490
513
759
46
353
73
446
581
741
989
402
196
266
734
180
577
528
876
888
740
584
560
393
270
325
112
179
52
401
90
134
647
632
721
442